#! FIELDS time theta
#! SET min_theta -pi
#! SET max_theta pi
 0.000000 0.053542
 1.000000 0.116586
 2.000000 -0.034308
 3.000000 -0.017554
 4.000000 -0.112531
 5.000000 0.088396
 6.000000 -0.069150
 7.000000 -0.017503
 8.000000 0.032964
 9.000000 0.006690
 10.000000 0.004376
 11.000000 0.046755
 12.000000 0.149656
 13.000000 -0.039533
 14.000000 0.019585
 15.000000 -0.113852
 16.000000 0.154622
 17.000000 -0.074236
 18.000000 -0.144598
 19.000000 0.039673
 20.000000 0.055986
 21.000000 -0.094650
 22.000000 -0.023627
 23.000000 0.081233
 24.000000 -0.047274
 25.000000 0.008504
 26.000000 -0.113289
 27.000000 -0.013292
 28.000000 0.000395
 29.000000 -0.027479
 30.000000 0.007427
 31.000000 -0.032237
 32.000000 -0.043573
 33.000000 -0.139359
 34.000000 0.053778
 35.000000 -0.070493
 36.000000 0.046129
 37.000000 -0.012709
 38.000000 -0.062211
 39.000000 -0.019248
 40.000000 0.042912
 41.000000 -0.017714
 42.000000 -0.050285
 43.000000 -0.007920
 44.000000 -0.059893
 45.000000 0.017895
 46.000000 0.053843
 47.000000 0.107133
 48.000000 0.091262
 49.000000 0.125926
 50.000000 -0.005552
 51.000000 -0.060636
 52.000000 -0.071105
 53.000000 -0.010631
 54.000000 -0.087780
 55.000000 0.138948
 56.000000 -0.070557
 57.000000 0.075440
 58.000000 0.159248
 59.000000 -0.156176
 60.000000 0.198450
 61.000000 -0.177194
 62.000000 0.136071
 63.000000 -0.056601
 64.000000 -0.089125
 65.000000 0.175176
 66.000000 0.160855
 67.000000 0.085291
 68.000000 0.208098
 69.000000 0.080295
 70.000000 -0.198752
 71.000000 -0.009926
 72.000000 0.030486
 73.000000 -0.188791
 74.000000 -0.093099
 75.000000 0.178140
 76.000000 0.222583
 77.000000 -0.041689
 78.000000 0.185680
 79.000000 0.078202
 80.000000 -0.016051
 81.000000 0.076093
 82.000000 -0.085291
 83.000000 0.110958
 84.000000 -0.099391
 85.000000 0.000789
 86.000000 -0.139362
 87.000000 -0.074566
 88.000000 0.051315
 89.000000 -0.067180
 90.000000 -0.058761
 91.000000 -0.035977
 92.000000 -0.056740
 93.000000 0.078384
 94.000000 -0.048431
 95.000000 -0.097286
 96.000000 -0.126417
 97.000000 -0.066832
 98.000000 0.008903
 99.000000 -0.037106
 100.000000 -0.063972
 101.000000 -0.116845
 102.000000 0.100184
 103.000000 0.104959
 104.000000 -0.027509
 105.000000 -0.072439
 106.000000 -0.052045
 107.000000 0.173469
 108.000000 0.096883
 109.000000 -0.192956
 110.000000 0.141155
 111.000000 0.018952
 112.000000 0.004314
 113.000000 -0.061519
 114.000000 0.074718
 115.000000 -0.083467
 116.000000 -0.074734
 117.000000 -0.004847
 118.000000 -0.051723
 119.000000 -0.045225
 120.000000 -0.079916
 121.000000 -0.032082
 122.000000 0.025438
 123.000000 -0.157959
 124.000000 0.149748
 125.000000 0.054720
 126.000000 0.004168
 127.000000 0.032187
 128.000000 0.049724
 129.000000 0.049202
 130.000000 0.030823
 131.000000 -0.117363
 132.000000 0.001834
 133.000000 0.011229
 134.000000 0.074231
 135.000000 -0.014898
 136.000000 0.006584
 137.000000 0.041890
 138.000000 -0.102982
 139.000000 -0.075788
 140.000000 0.017747
 141.000000 -0.000923
 142.000000 -0.193294
 143.000000 0.011397
 144.000000 0.051148
 145.000000 0.037964
 146.000000 0.107230
 147.000000 -0.008889
 148.000000 0.014560
 149.000000 -0.079634
 150.000000 0.142114
 151.000000 -0.096656
 152.000000 -0.009279
 153.000000 -0.021577
 154.000000 -0.032164
 155.000000 0.140954
 156.000000 -0.004133
 157.000000 0.080760
 158.000000 -0.170714
 159.000000 -0.040489
 160.000000 -0.034593
 161.000000 -0.046344
 162.000000 -0.097976
 163.000000 0.124591
 164.000000 -0.042091
 165.000000 -0.005046
 166.000000 -0.015485
 167.000000 0.049331
 168.000000 0.014193
 169.000000 0.184140
 170.000000 -0.192818
 171.000000 0.079513
 172.000000 0.070379
 173.000000 -0.097354
 174.000000 -0.084109
 175.000000 0.158642
 176.000000 0.061203
 177.000000 -0.125240
 178.000000 0.034361
 179.000000 0.158494
 180.000000 -0.245270
 181.000000 0.120098
 182.000000 -0.045143
 183.000000 -0.146709
 184.000000 0.095056
 185.000000 -0.149976
 186.000000 0.070963
 187.000000 0.024729
 188.000000 0.192928
 189.000000 0.150570
 190.000000 -0.082722
 191.000000 -0.073161
 192.000000 0.108818
 193.000000 -0.061272
 194.000000 -0.113580
 195.000000 0.053857
 196.000000 0.021169
 197.000000 -0.013761
 198.000000 0.021774
 199.000000 0.025493
 200.000000 -0.118733
 201.000000 0.178824
 202.000000 -0.153918
 203.000000 0.087377
 204.000000 0.125318
 205.000000 -0.005516
 206.000000 0.134500
 207.000000 -0.138471
 208.000000 0.116396
 209.000000 -0.157615
 210.000000 0.146256
 211.000000 0.066553
 212.000000 -0.017420
 213.000000 -0.030327
 214.000000 0.041830
 215.000000 0.298771
 216.000000 -0.200875
 217.000000 0.099541
 218.000000 0.200793
 219.000000 0.075656
 220.000000 -0.063210
 221.000000 -0.026675
 222.000000 -0.003046
 223.000000 0.062401
 224.000000 -0.066459
 225.000000 0.083361
 226.000000 -0.171936
 227.000000 -0.075579
 228.000000 -0.005116
 229.000000 -0.071483
 230.000000 0.007852
 231.000000 0.065247
 232.000000 0.015631
 233.000000 0.017910
 234.000000 0.060280
 235.000000 -0.107212
 236.000000 -0.001296
 237.000000 -0.071272
 238.000000 -0.163856
 239.000000 0.128264
 240.000000 -0.149734
 241.000000 -0.015514
 242.000000 -0.183259
 243.000000 -0.017336
 244.000000 0.037106
 245.000000 0.016844
 246.000000 -0.140281
 247.000000 -0.017417
 248.000000 -0.067992
 249.000000 0.213312
 250.000000 -0.087041
 251.000000 0.219604
 252.000000 -0.056836
 253.000000 -0.044006
 254.000000 -0.118865
 255.000000 0.102234
 256.000000 0.035014
 257.000000 0.134057
 258.000000 0.057377
 259.000000 -0.056864
 260.000000 0.089843
 261.000000 0.054218
 262.000000 -0.060957
 263.000000 -0.055033
 264.000000 0.046532
 265.000000 -0.121884
 266.000000 0.024026
 267.000000 0.013555
 268.000000 -0.158761
 269.000000 -0.093783
 270.000000 0.024508
 271.000000 0.142215
 272.000000 -0.171183
 273.000000 0.134145
 274.000000 -0.075903
 275.000000 -0.089842
 276.000000 0.033688
 277.000000 -0.028630
 278.000000 -0.021877
 279.000000 -0.040605
 280.000000 0.046847
 281.000000 0.092919
 282.000000 -0.110606
 283.000000 0.125532
 284.000000 -0.064167
 285.000000 -0.029269
 286.000000 0.209277
 287.000000 0.191797
 288.000000 0.121975
 289.000000 -0.102593
 290.000000 0.042915
 291.000000 0.026026
 292.000000 0.140677
 293.000000 -0.102526
 294.000000 0.096751
 295.000000 -0.150978
 296.000000 0.087757
 297.000000 0.085534
 298.000000 0.026759
 299.000000 0.101797
 300.000000 -0.125996
 301.000000 0.185496
 302.000000 -0.011501
 303.000000 -0.067422
 304.000000 0.100502
 305.000000 0.048179
 306.000000 -0.018388
 307.000000 0.023856
 308.000000 0.033672
 309.000000 0.048411
 310.000000 -0.002467
 311.000000 0.012776
 312.000000 0.027666
 313.000000 0.008806
 314.000000 -0.021743
 315.000000 0.068735
 316.000000 -0.096364
 317.000000 -0.174648
 318.000000 0.016895
 319.000000 -0.040286
 320.000000 0.069603
 321.000000 -0.092068
 322.000000 -0.061937
 323.000000 -0.033305
 324.000000 0.132319
 325.000000 -0.166576
 326.000000 -0.132105
 327.000000 0.163267
 328.000000 -0.049135
 329.000000 0.160744
 330.000000 0.103471
 331.000000 0.184922
 332.000000 -0.158290
 333.000000 0.086516
 334.000000 -0.108831
 335.000000 -0.014191
 336.000000 0.099705
 337.000000 -0.253575
 338.000000 0.249825
 339.000000 0.046949
 340.000000 0.021345
 341.000000 -0.103645
 342.000000 0.059611
 343.000000 0.102442
 344.000000 0.043509
 345.000000 -0.028596
 346.000000 0.063972
 347.000000 0.195967
 348.000000 -0.111624
 349.000000 -0.089421
 350.000000 0.119697
 351.000000 -0.051223
 352.000000 -0.143357
 353.000000 0.155480
 354.000000 -0.155370
 355.000000 0.078047
 356.000000 0.148876
 357.000000 0.069723
 358.000000 0.116890
 359.000000 0.069158
 360.000000 -0.031919
 361.000000 -0.192145
 362.000000 0.108174
 363.000000 0.163577
 364.000000 0.151823
 365.000000 -0.169763
 366.000000 -0.226112
 367.000000 0.255364
 368.000000 -0.073877
 369.000000 0.021474
 370.000000 -0.196769
 371.000000 -0.025572
 372.000000 0.031253
 373.000000 -0.193626
 374.000000 0.020132
 375.000000 -0.008630
 376.000000 -0.026562
 377.000000 0.008707
 378.000000 -0.035596
 379.000000 0.123632
 380.000000 -0.054788
 381.000000 -0.141273
 382.000000 -0.058630
 383.000000 0.155804
 384.000000 0.197870
 385.000000 -0.192850
 386.000000 -0.167405
 387.000000 0.210419
 388.000000 0.095147
 389.000000 0.081137
 390.000000 0.086735
 391.000000 0.125246
 392.000000 -0.049750
 393.000000 0.011274
 394.000000 0.141670
 395.000000 -0.083652
 396.000000 -0.055814
 397.000000 -0.201375
 398.000000 -0.041412
 399.000000 0.003840
 400.000000 -0.067320
 401.000000 0.111102
 402.000000 -0.137062
 403.000000 0.098940
 404.000000 0.002433
 405.000000 0.016448
 406.000000 0.067284
 407.000000 0.047260
 408.000000 0.021493
 409.000000 0.021449
 410.000000 0.062126
 411.000000 0.051832
 412.000000 0.059085
 413.000000 -0.057791
 414.000000 0.028428
 415.000000 -0.006659
 416.000000 0.062769
 417.000000 -0.129461
 418.000000 0.197681
 419.000000 0.155227
 420.000000 -0.027168
 421.000000 -0.114762
 422.000000 0.087241
 423.000000 0.161974
 424.000000 -0.007784
 425.000000 -0.010994
 426.000000 -0.057427
 427.000000 -0.023103
 428.000000 0.044872
 429.000000 -0.050246
 430.000000 0.082312
 431.000000 -0.145991
 432.000000 -0.182173
 433.000000 -0.007839
 434.000000 -0.010526
 435.000000 0.070057
 436.000000 0.113154
 437.000000 0.025627
 438.000000 0.131592
 439.000000 0.011888
 440.000000 -0.136846
 441.000000 -0.095395
 442.000000 0.121365
 443.000000 0.069253
 444.000000 0.047906
 445.000000 -0.009536
 446.000000 -0.024672
 447.000000 -0.037809
 448.000000 -0.018363
 449.000000 0.141412
 450.000000 0.130427
 451.000000 0.096174
 452.000000 -0.148459
 453.000000 0.094801
 454.000000 0.007329
 455.000000 0.056339
 456.000000 0.060986
 457.000000 -0.032391
 458.000000 -0.025123
 459.000000 -0.130986
 460.000000 -0.162637
 461.000000 -0.057479
 462.000000 0.003527
 463.000000 -0.002281
 464.000000 -0.029500
 465.000000 0.054677
 466.000000 -0.057879
 467.000000 -0.030060
 468.000000 -0.082769
 469.000000 -0.006584
 470.000000 0.003952
 471.000000 0.041033
 472.000000 -0.097372
 473.000000 0.025853
 474.000000 0.122582
 475.000000 -0.133445
 476.000000 0.175483
 477.000000 -0.100505
 478.000000 -0.155017
 479.000000 -0.115684
 480.000000 0.006254
 481.000000 0.025627
 482.000000 0.075688
 483.000000 -0.011164
 484.000000 -0.006789
 485.000000 0.086451
 486.000000 0.120146
 487.000000 -0.002426
 488.000000 0.054168
 489.000000 -0.131161
 490.000000 0.194190
 491.000000 -0.189596
 492.000000 0.087947
 493.000000 0.183377
 494.000000 0.104371
 495.000000 0.081608
 496.000000 -0.017122
 497.000000 0.072779
 498.000000 -0.020238
 499.000000 -0.116344
 500.000000 0.191365
 501.000000 0.031566
 502.000000 -0.236178
 503.000000 0.066562
 504.000000 -0.085803
 505.000000 -0.242553
 506.000000 -0.262838
 507.000000 -0.166669
 508.000000 -0.019786
 509.000000 0.174902
 510.000000 -0.089076
 511.000000 0.215534
 512.000000 0.130774
 513.000000 -0.069983
 514.000000 0.104950
 515.000000 0.002432
 516.000000 -0.053232
 517.000000 -0.048132
 518.000000 -0.112711
 519.000000 0.092517
 520.000000 0.013169
 521.000000 0.022605
 522.000000 0.134677
 523.000000 0.111525
 524.000000 -0.011984
 525.000000 0.112861
 526.000000 0.070890
 527.000000 -0.025109
 528.000000 -0.045597
 529.000000 0.144669
 530.000000 -0.173223
 531.000000 0.262690
 532.000000 -0.073416
 533.000000 0.159078
 534.000000 0.066824
 535.000000 -0.076747
 536.000000 0.134800
 537.000000 -0.060157
 538.000000 -0.144414
 539.000000 0.279224
 540.000000 0.226651
 541.000000 -0.141042
 542.000000 -0.089994
 543.000000 0.035936
 544.000000 -0.213054
 545.000000 0.100755
 546.000000 -0.078385
 547.000000 -0.001054
 548.000000 0.085437
 549.000000 0.024406
 550.000000 -0.008120
 551.000000 -0.007246
 552.000000 0.111128
 553.000000 -0.013716
 554.000000 -0.105113
 555.000000 0.073233
 556.000000 -0.137873
 557.000000 0.079442
 558.000000 0.023205
 559.000000 0.098647
 560.000000 0.145166
 561.000000 0.001762
 562.000000 -0.016784
 563.000000 -0.098005
 564.000000 -0.007272
 565.000000 -0.029838
 566.000000 -0.049432
 567.000000 -0.050709
 568.000000 -0.021635
 569.000000 0.024747
 570.000000 0.054573
 571.000000 -0.033005
 572.000000 0.046673
 573.000000 -0.063285
 574.000000 0.019780
 575.000000 0.090229
 576.000000 0.080735
 577.000000 -0.082580
 578.000000 0.065430
 579.000000 0.097479
 580.000000 -0.025719
 581.000000 0.044720
 582.000000 0.109691
 583.000000 0.039265
 584.000000 0.000369
 585.000000 0.007360
 586.000000 -0.072970
 587.000000 0.087763
 588.000000 0.054565
 589.000000 0.090553
 590.000000 -0.007508
 591.000000 0.127788
 592.000000 -0.108522
 593.000000 -0.124419
 594.000000 -0.098289
 595.000000 -0.211003
 596.000000 0.056553
 597.000000 0.037312
 598.000000 -0.042186
 599.000000 0.031010
 600.000000 -0.023935
 601.000000 -0.091782
 602.000000 0.001412
 603.000000 0.173342
 604.000000 -0.048963
 605.000000 -0.087361
 606.000000 -0.147641
 607.000000 -0.031305
 608.000000 0.092341
 609.000000 -0.072090
 610.000000 -0.077657
 611.000000 0.064403
 612.000000 -0.074574
 613.000000 0.055883
 614.000000 0.052359
 615.000000 -0.005706
 616.000000 0.199507
 617.000000 -0.095078
 618.000000 -0.111305
 619.000000 -0.015831
 620.000000 -0.062106
 621.000000 -0.012563
 622.000000 -0.025502
 623.000000 0.073500
 624.000000 0.033441
 625.000000 0.114994
 626.000000 -0.095274
 627.000000 0.151211
 628.000000 -0.004823
 629.000000 0.168074
 630.000000 0.007897
 631.000000 -0.023569
 632.000000 0.064640
 633.000000 -0.188701
 634.000000 -0.127997
 635.000000 0.049153
 636.000000 -0.096799
 637.000000 0.027041
 638.000000 -0.053662
 639.000000 -0.013648
 640.000000 0.067909
 641.000000 -0.092656
 642.000000 -0.116427
 643.000000 -0.155288
 644.000000 -0.087715
 645.000000 0.135860
 646.000000 0.065185
 647.000000 0.073237
 648.000000 0.093952
 649.000000 -0.010243
 650.000000 -0.098713
 651.000000 0.035615
 652.000000 -0.028983
 653.000000 0.030920
 654.000000 -0.103147
 655.000000 0.081159
 656.000000 0.029789
 657.000000 -0.129106
 658.000000 0.021856
 659.000000 -0.025375
 660.000000 -0.196197
 661.000000 0.201622
 662.000000 -0.070354
 663.000000 0.139975
 664.000000 -0.055818
 665.000000 -0.009757
 666.000000 -0.054124
 667.000000 0.058465
 668.000000 -0.016820
 669.000000 -0.031117
 670.000000 0.099971
 671.000000 -0.034212
 672.000000 -0.104552
 673.000000 -0.103129
 674.000000 0.242374
 675.000000 -0.014636
 676.000000 -0.227801
 677.000000 -0.178449
 678.000000 0.100481
 679.000000 -0.238418
 680.000000 -0.001600
 681.000000 -0.250266
 682.000000 0.036647
 683.000000 0.290768
 684.000000 0.021785
 685.000000 -0.120791
 686.000000 0.139172
 687.000000 0.011432
 688.000000 -0.056858
 689.000000 -0.039133
 690.000000 -0.021931
 691.000000 0.074405
 692.000000 0.100919
 693.000000 0.198990
 694.000000 -0.022187
 695.000000 0.015331
 696.000000 -0.005592
 697.000000 -0.023125
 698.000000 0.076170
 699.000000 0.004823
 700.000000 0.020423
 701.000000 -0.028192
 702.000000 0.012737
 703.000000 0.026443
 704.000000 -0.014642
 705.000000 -0.103809
 706.000000 0.012634
 707.000000 0.070181
 708.000000 0.097706
 709.000000 -0.126375
 710.000000 0.069512
 711.000000 -0.184974
 712.000000 0.241238
 713.000000 -0.119255
 714.000000 0.094084
 715.000000 -0.065493
 716.000000 0.115754
 717.000000 0.127838
 718.000000 -0.150305
 719.000000 0.111033
 720.000000 -0.118206
 721.000000 -0.086512
 722.000000 0.084033
 723.000000 -0.143429
 724.000000 0.021703
 725.000000 0.122361
 726.000000 0.063367
 727.000000 -0.094321
 728.000000 0.036407
 729.000000 0.168548
 730.000000 0.082320
 731.000000 -0.164522
 732.000000 0.197338
 733.000000 -0.199391
 734.000000 0.028276
 735.000000 -0.165607
 736.000000 0.036979
 737.000000 0.111975
 738.000000 -0.045191
 739.000000 0.012427
 740.000000 -0.076083
 741.000000 0.090270
 742.000000 -0.119145
 743.000000 0.162370
 744.000000 -0.016158
 745.000000 0.012655
 746.000000 -0.086269
 747.000000 -0.044114
 748.000000 -0.026358
 749.000000 -0.034066
 750.000000 0.064088
 751.000000 0.070625
 752.000000 0.092158
 753.000000 -0.076336
 754.000000 0.092959
 755.000000 0.087488
 756.000000 0.070474
 757.000000 -0.218957
 758.000000 -0.057017
 759.000000 0.070436
 760.000000 0.120616
 761.000000 -0.001879
 762.000000 0.261962
 763.000000 -0.245394
 764.000000 -0.125295
 765.000000 -0.023327
 766.000000 -0.211050
 767.000000 0.220552
 768.000000 -0.119768
 769.000000 0.028810
 770.000000 0.066250
 771.000000 -0.059005
 772.000000 0.090942
 773.000000 0.023061
 774.000000 0.123639
 775.000000 -0.197884
 776.000000 0.107767
 777.000000 0.038753
 778.000000 -0.091559
 779.000000 0.040159
 780.000000 0.028410
 781.000000 -0.082864
 782.000000 0.165155
 783.000000 -0.053826
 784.000000 0.005661
 785.000000 0.108147
 786.000000 0.145019
 787.000000 0.111787
 788.000000 -0.084968
 789.000000 0.100722
 790.000000 -0.019288
 791.000000 0.017358
 792.000000 0.056709
 793.000000 -0.083435
 794.000000 0.064783
 795.000000 -0.105529
 796.000000 -0.120786
 797.000000 0.099429
 798.000000 -0.074097
 799.000000 -0.205527
 800.000000 -0.075814
 801.000000 0.075463
 802.000000 -0.078326
 803.000000 -0.140321
 804.000000 0.002971
 805.000000 0.052879
 806.000000 0.078002
 807.000000 0.189828
 808.000000 0.101010
 809.000000 -0.142779
 810.000000 -0.031894
 811.000000 0.027138
 812.000000 0.102806
 813.000000 0.016161
 814.000000 -0.014612
 815.000000 0.003604
 816.000000 0.120094
 817.000000 0.056260
 818.000000 -0.122775
 819.000000 -0.028304
 820.000000 0.046149
 821.000000 0.074583
 822.000000 -0.033838
 823.000000 -0.015729
 824.000000 -0.109833
 825.000000 -0.068899
 826.000000 0.150360
 827.000000 -0.008141
 828.000000 -0.051071
 829.000000 0.010749
 830.000000 0.224256
 831.000000 -0.179368
 832.000000 0.096089
 833.000000 -0.057023
 834.000000 -0.056423
 835.000000 -0.028946
 836.000000 0.011142
 837.000000 -0.036905
 838.000000 0.021220
 839.000000 -0.142780
 840.000000 0.036903
 841.000000 -0.132522
 842.000000 0.193733
 843.000000 -0.087346
 844.000000 -0.172779
 845.000000 0.083568
 846.000000 0.007242
 847.000000 -0.026365
 848.000000 0.063435
 849.000000 -0.028776
 850.000000 0.090595
 851.000000 -0.096865
 852.000000 0.123502
 853.000000 0.037428
 854.000000 -0.018897
 855.000000 -0.123333
 856.000000 -0.097748
 857.000000 -0.041857
 858.000000 0.005674
 859.000000 0.102318
 860.000000 0.146232
 861.000000 0.107130
 862.000000 0.096765
 863.000000 -0.064838
 864.000000 -0.171355
 865.000000 -0.163252
 866.000000 0.152073
 867.000000 0.147290
 868.000000 -0.055393
 869.000000 0.056629
 870.000000 -0.089312
 871.000000 0.150855
 872.000000 0.229766
 873.000000 0.149547
 874.000000 -0.011943
 875.000000 0.124213
 876.000000 -0.025320
 877.000000 -0.043977
 878.000000 0.056152
 879.000000 -0.047405
 880.000000 -0.136771
 881.000000 -0.087795
 882.000000 0.095253
 883.000000 -0.107212
 884.000000 0.269285
 885.000000 -0.134149
 886.000000 0.043827
 887.000000 -0.128059
 888.000000 0.021445
 889.000000 0.252802
 890.000000 -0.236887
 891.000000 -0.140206
 892.000000 0.090060
 893.000000 0.105740
 894.000000 -0.164233
 895.000000 -0.039874
 896.000000 0.046411
 897.000000 -0.020696
 898.000000 -0.036818
 899.000000 -0.008071
 900.000000 -0.145604
 901.000000 0.151156
 902.000000 -0.001753
 903.000000 0.147779
 904.000000 -0.008955
 905.000000 0.087866
 906.000000 -0.103304
 907.000000 -0.031990
 908.000000 -0.077387
 909.000000 -0.055648
 910.000000 -0.008556
 911.000000 0.064824
 912.000000 -0.047886
 913.000000 0.137656
 914.000000 -0.112551
 915.000000 -0.019395
 916.000000 0.091850
 917.000000 -0.094420
 918.000000 -0.123978
 919.000000 0.173997
 920.000000 0.133805
 921.000000 0.192681
 922.000000 0.039915
 923.000000 0.271991
 924.000000 -0.163738
 925.000000 -0.012238
 926.000000 -0.044550
 927.000000 0.058936
 928.000000 0.192238
 929.000000 0.021514
 930.000000 0.068069
 931.000000 0.056115
 932.000000 -0.045960
 933.000000 -0.185951
 934.000000 0.018012
 935.000000 0.155922
 936.000000 -0.121156
 937.000000 -0.136215
 938.000000 0.262209
 939.000000 -0.079203
 940.000000 -0.067303
 941.000000 0.029219
 942.000000 -0.041406
 943.000000 0.120641
 944.000000 -0.066694
 945.000000 0.187994
 946.000000 0.077451
 947.000000 0.036266
 948.000000 -0.000080
 949.000000 -0.031662
 950.000000 -0.048708
 951.000000 0.018155
 952.000000 -0.031072
 953.000000 0.037120
 954.000000 0.039787
 955.000000 -0.081377
 956.000000 0.040440
 957.000000 -0.076874
 958.000000 0.015441
 959.000000 -0.011354
 960.000000 -0.128673
 961.000000 0.063229
 962.000000 0.054676
 963.000000 -0.145748
 964.000000 -0.061548
 965.000000 0.024938
 966.000000 0.093063
 967.000000 0.061116
 968.000000 -0.111328
 969.000000 0.123268
 970.000000 -0.198019
 971.000000 -0.179356
 972.000000 -0.033105
 973.000000 -0.018356
 974.000000 -0.142801
 975.000000 -0.113034
 976.000000 0.056065
 977.000000 0.168317
 978.000000 0.015854
 979.000000 0.055005
 980.000000 0.056313
 981.000000 0.013658
 982.000000 -0.057033
 983.000000 0.047318
 984.000000 -0.019189
 985.000000 -0.107518
 986.000000 -0.004375
 987.000000 -0.021115
 988.000000 -0.006124
 989.000000 -0.003134
 990.000000 -0.157964
 991.000000 0.095596
 992.000000 -0.017401
 993.000000 0.064441
 994.000000 -0.048543
 995.000000 -0.122862
 996.000000 0.055377
 997.000000 -0.143171
 998.000000 0.002917
 999.000000 -0.022295
 1000.000000 -0.016903
 1001.000000 0.105937
 1002.000000 0.068448
 1003.000000 0.082632
 1004.000000 -0.020649
 1005.000000 0.019057
 1006.000000 0.027811
 1007.000000 -0.051663
 1008.000000 0.017042
 1009.000000 -0.142071
 1010.000000 -0.087010
 1011.000000 0.004895
 1012.000000 0.144802
 1013.000000 0.052656
 1014.000000 -0.136148
 1015.000000 0.039151
 1016.000000 -0.104986
 1017.000000 -0.097666
 1018.000000 0.033179
 1019.000000 0.105421
 1020.000000 -0.157318
 1021.000000 0.091873
 1022.000000 -0.054445
 1023.000000 -0.007170
 1024.000000 -0.030261
 1025.000000 0.018036
 1026.000000 0.057384
 1027.000000 -0.009351
 1028.000000 0.013415
 1029.000000 -0.103378
 1030.000000 0.008313
 1031.000000 0.015325
 1032.000000 0.188602
 1033.000000 -0.110716
 1034.000000 0.035512
 1035.000000 -0.120843
 1036.000000 0.153337
 1037.000000 0.113630
 1038.000000 0.038385
 1039.000000 0.099940
 1040.000000 -0.014590
 1041.000000 0.015225
 1042.000000 0.145279
 1043.000000 -0.105164
 1044.000000 -0.212476
 1045.000000 0.153638
 1046.000000 -0.128742
 1047.000000 -0.011676
 1048.000000 0.241593
 1049.000000 0.157826
 1050.000000 0.129456
 1051.000000 0.055217
 1052.000000 0.038470
 1053.000000 -0.001073
 1054.000000 -0.015134
 1055.000000 -0.078483
 1056.000000 -0.126922
 1057.000000 -0.067703
 1058.000000 -0.014658
 1059.000000 0.085835
 1060.000000 0.051167
 1061.000000 -0.243443
 1062.000000 -0.027908
 1063.000000 0.012612
 1064.000000 -0.100802
 1065.000000 0.225714
 1066.000000 -0.000405
 1067.000000 0.180725
 1068.000000 0.090752
 1069.000000 -0.106971
 1070.000000 -0.048833
 1071.000000 -0.042451
 1072.000000 0.021213
 1073.000000 -0.060380
 1074.000000 0.062932
 1075.000000 -0.048698
 1076.000000 -0.114941
 1077.000000 0.044494
 1078.000000 -0.037226
 1079.000000 0.037192
 1080.000000 0.107656
 1081.000000 0.018805
 1082.000000 -0.082631
 1083.000000 -0.056584
 1084.000000 -0.072739
 1085.000000 0.013634
 1086.000000 -0.260374
 1087.000000 0.141494
 1088.000000 0.264343
 1089.000000 0.194451
 1090.000000 -0.062605
 1091.000000 -0.001832
 1092.000000 0.035967
 1093.000000 -0.154057
 1094.000000 0.023551
 1095.000000 0.078833
 1096.000000 -0.126237
 1097.000000 0.012219
 1098.000000 0.135398
 1099.000000 0.081309
 1100.000000 0.098163
 1101.000000 0.063426
 1102.000000 0.049446
 1103.000000 0.051971
 1104.000000 0.149870
 1105.000000 0.014235
 1106.000000 -0.074616
 1107.000000 0.048815
 1108.000000 -0.142786
 1109.000000 -0.042729
 1110.000000 -0.053441
 1111.000000 -0.021362
 1112.000000 -0.036733
 1113.000000 -0.044815
 1114.000000 -0.017377
 1115.000000 -0.088165
 1116.000000 0.033419
 1117.000000 0.171006
 1118.000000 0.053160
 1119.000000 0.130766
 1120.000000 -0.025353
 1121.000000 0.043837
 1122.000000 -0.060575
 1123.000000 0.106684
 1124.000000 -0.012659
 1125.000000 -0.151357
 1126.000000 -0.251021
 1127.000000 0.013821
 1128.000000 0.272161
 1129.000000 -0.102170
 1130.000000 0.227995
 1131.000000 -0.158622
 1132.000000 0.170494
 1133.000000 -0.034717
 1134.000000 -0.010937
 1135.000000 0.108999
 1136.000000 0.047658
 1137.000000 0.094723
 1138.000000 -0.036922
 1139.000000 -0.144797
 1140.000000 0.019785
 1141.000000 0.151689
 1142.000000 0.007466
 1143.000000 0.135436
 1144.000000 0.028717
 1145.000000 0.092374
 1146.000000 -0.196394
 1147.000000 0.103527
 1148.000000 0.006272
 1149.000000 0.010469
 1150.000000 -0.113284
 1151.000000 -0.026243
 1152.000000 0.053663
 1153.000000 0.164825
 1154.000000 -0.116274
 1155.000000 0.030321
 1156.000000 0.085614
 1157.000000 0.106129
 1158.000000 0.156595
 1159.000000 -0.162017
 1160.000000 -0.023410
 1161.000000 -0.035670
 1162.000000 -0.066592
 1163.000000 0.038137
 1164.000000 -0.216656
 1165.000000 0.148743
 1166.000000 0.019282
 1167.000000 -0.086862
 1168.000000 -0.075626
 1169.000000 0.033838
 1170.000000 0.066242
 1171.000000 0.075693
 1172.000000 0.005945
 1173.000000 -0.000714
 1174.000000 -0.013768
 1175.000000 0.084198
 1176.000000 0.043957
 1177.000000 -0.164407
 1178.000000 -0.069320
 1179.000000 0.159661
 1180.000000 0.021128
 1181.000000 -0.079068
 1182.000000 -0.212991
 1183.000000 0.194438
 1184.000000 0.217711
 1185.000000 0.046698
 1186.000000 -0.017123
 1187.000000 -0.144785
 1188.000000 0.284412
 1189.000000 0.025200
 1190.000000 -0.180965
 1191.000000 -0.133903
 1192.000000 0.102417
 1193.000000 -0.006022
 1194.000000 0.190344
 1195.000000 0.093583
 1196.000000 0.059969
 1197.000000 -0.085818
 1198.000000 -0.157080
 1199.000000 0.070059
 1200.000000 -0.029197
 1201.000000 0.055840
 1202.000000 -0.031150
 1203.000000 0.034682
 1204.000000 0.066831
 1205.000000 0.048499
 1206.000000 0.130375
 1207.000000 0.139076
 1208.000000 -0.114460
 1209.000000 0.008590
 1210.000000 0.128576
 1211.000000 -0.153826
 1212.000000 0.244659
 1213.000000 -0.207948
 1214.000000 0.026696
 1215.000000 0.061815
 1216.000000 0.118292
 1217.000000 0.046608
 1218.000000 -0.177324
 1219.000000 -0.069876
 1220.000000 -0.079955
 1221.000000 -0.012754
 1222.000000 0.144939
 1223.000000 -0.009950
 1224.000000 -0.044036
 1225.000000 -0.042253
 1226.000000 0.098533
 1227.000000 -0.164200
 1228.000000 -0.023369
 1229.000000 -0.029909
 1230.000000 -0.039228
 1231.000000 0.025595
 1232.000000 -0.009261
 1233.000000 -0.049029
 1234.000000 -0.148560
 1235.000000 0.214486
 1236.000000 -0.069590
 1237.000000 -0.060456
 1238.000000 0.185287
 1239.000000 -0.052213
 1240.000000 -0.168746
 1241.000000 0.102142
 1242.000000 0.094489
 1243.000000 -0.002588
 1244.000000 -0.099631
 1245.000000 0.138509
 1246.000000 -0.026261
 1247.000000 0.140524
 1248.000000 -0.091938
 1249.000000 0.066365
 1250.000000 -0.009273
 1251.000000 -0.014830
 1252.000000 -0.039350
 1253.000000 -0.049889
 1254.000000 0.080904
 1255.000000 0.080387
 1256.000000 0.104156
 1257.000000 0.017133
 1258.000000 -0.184580
 1259.000000 -0.115413
 1260.000000 -0.013352
 1261.000000 -0.060240
 1262.000000 -0.115460
 1263.000000 0.064385
 1264.000000 0.115386
 1265.000000 -0.037008
 1266.000000 0.091632
 1267.000000 0.094813
 1268.000000 -0.026196
 1269.000000 0.088301
 1270.000000 -0.112033
 1271.000000 -0.184015
 1272.000000 -0.127260
 1273.000000 -0.041786
 1274.000000 -0.082915
 1275.000000 -0.042411
 1276.000000 -0.059759
 1277.000000 0.060691
 1278.000000 -0.082848
 1279.000000 -0.041592
 1280.000000 0.100592
 1281.000000 -0.120141
 1282.000000 0.151291
 1283.000000 -0.060937
 1284.000000 0.009366
 1285.000000 -0.179843
 1286.000000 0.038140
 1287.000000 0.003020
 1288.000000 0.016085
 1289.000000 0.194445
 1290.000000 -0.150801
 1291.000000 0.086299
 1292.000000 0.038599
 1293.000000 0.072867
 1294.000000 0.091716
 1295.000000 0.123671
 1296.000000 0.127264
 1297.000000 -0.018962
 1298.000000 0.022336
 1299.000000 0.029789
 1300.000000 0.099101
 1301.000000 -0.062985
 1302.000000 0.086599
 1303.000000 -0.039262
 1304.000000 0.005695
 1305.000000 0.091194
 1306.000000 -0.030217
 1307.000000 -0.032132
 1308.000000 -0.116490
 1309.000000 0.073412
 1310.000000 -0.171321
 1311.000000 -0.098201
 1312.000000 0.033808
 1313.000000 0.029691
 1314.000000 -0.007768
 1315.000000 -0.091699
 1316.000000 0.004315
 1317.000000 -0.088031
 1318.000000 0.006064
 1319.000000 -0.009112
 1320.000000 -0.002448
 1321.000000 0.099080
 1322.000000 0.103717
 1323.000000 0.092009
 1324.000000 0.002890
 1325.000000 -0.015157
 1326.000000 -0.095969
 1327.000000 -0.115087
 1328.000000 0.051083
 1329.000000 0.070374
 1330.000000 0.112378
 1331.000000 -0.176984
 1332.000000 0.193238
 1333.000000 -0.098098
 1334.000000 0.155111
 1335.000000 -0.216733
 1336.000000 -0.174334
 1337.000000 0.103592
 1338.000000 0.165442
 1339.000000 -0.024391
 1340.000000 0.157796
 1341.000000 -0.164298
 1342.000000 0.108095
 1343.000000 0.066972
 1344.000000 0.009029
 1345.000000 -0.011098
 1346.000000 0.097496
 1347.000000 -0.035571
 1348.000000 0.111393
 1349.000000 -0.111752
 1350.000000 -0.050944
 1351.000000 -0.088066
 1352.000000 -0.020088
 1353.000000 -0.052446
 1354.000000 0.112695
 1355.000000 0.049553
 1356.000000 -0.031041
 1357.000000 -0.004641
 1358.000000 -0.049998
 1359.000000 -0.048136
 1360.000000 -0.122265
 1361.000000 0.043456
 1362.000000 0.091955
 1363.000000 0.093156
 1364.000000 -0.058767
 1365.000000 0.014933
 1366.000000 -0.022969
 1367.000000 -0.069578
 1368.000000 0.045658
 1369.000000 -0.220408
 1370.000000 -0.046749
 1371.000000 0.025131
 1372.000000 -0.004519
 1373.000000 0.013515
 1374.000000 -0.163190
 1375.000000 0.138941
 1376.000000 -0.088622
 1377.000000 -0.081057
 1378.000000 0.043256
 1379.000000 -0.026813
 1380.000000 -0.152773
 1381.000000 -0.007935
 1382.000000 0.084810
 1383.000000 -0.010554
 1384.000000 0.010841
 1385.000000 -0.106952
 1386.000000 -0.021483
 1387.000000 -0.147045
 1388.000000 0.090862
 1389.000000 -0.055031
 1390.000000 -0.094676
 1391.000000 0.028435
 1392.000000 -0.037564
 1393.000000 -0.034300
 1394.000000 0.027168
 1395.000000 -0.085165
 1396.000000 -0.119087
 1397.000000 0.041658
 1398.000000 -0.111855
 1399.000000 -0.052294
 1400.000000 -0.101083
 1401.000000 0.041990
 1402.000000 -0.103443
 1403.000000 -0.075971
 1404.000000 0.086585
 1405.000000 0.049121
 1406.000000 0.181798
 1407.000000 -0.064339
 1408.000000 -0.088594
 1409.000000 0.020323
 1410.000000 -0.052833
 1411.000000 -0.052273
 1412.000000 -0.022205
 1413.000000 0.068410
 1414.000000 0.141999
 1415.000000 -0.080963
 1416.000000 0.140339
 1417.000000 -0.160797
 1418.000000 0.050045
 1419.000000 -0.171284
 1420.000000 0.176133
 1421.000000 0.109999
 1422.000000 0.089581
 1423.000000 0.059143
 1424.000000 -0.114341
 1425.000000 -0.068088
 1426.000000 -0.048619
 1427.000000 -0.001925
 1428.000000 -0.103129
 1429.000000 0.098550
 1430.000000 -0.092266
 1431.000000 -0.118925
 1432.000000 -0.047452
 1433.000000 0.096475
 1434.000000 -0.137446
 1435.000000 0.066826
 1436.000000 0.039057
 1437.000000 -0.117728
 1438.000000 -0.052868
 1439.000000 -0.053633
 1440.000000 -0.104808
 1441.000000 -0.068413
 1442.000000 -0.067918
 1443.000000 0.014386
 1444.000000 0.048926
 1445.000000 -0.072605
 1446.000000 -0.062715
 1447.000000 -0.085343
 1448.000000 0.031872
 1449.000000 -0.001495
 1450.000000 0.177334
 1451.000000 0.049174
 1452.000000 -0.003415
 1453.000000 -0.139692
 1454.000000 -0.205448
 1455.000000 -0.059334
 1456.000000 -0.243471
 1457.000000 0.105051
 1458.000000 0.110166
 1459.000000 0.139213
 1460.000000 -0.111865
 1461.000000 -0.103935
 1462.000000 0.067895
 1463.000000 0.047716
 1464.000000 0.309370
 1465.000000 -0.107627
 1466.000000 -0.160786
 1467.000000 -0.190829
 1468.000000 0.165881
 1469.000000 0.114318
 1470.000000 0.104685
 1471.000000 -0.027263
 1472.000000 0.044263
 1473.000000 0.058886
 1474.000000 0.019005
 1475.000000 0.003658
 1476.000000 0.055760
 1477.000000 -0.129812
 1478.000000 0.077089
 1479.000000 0.150525
 1480.000000 -0.093418
 1481.000000 -0.094239
 1482.000000 -0.033226
 1483.000000 0.101599
 1484.000000 -0.091754
 1485.000000 0.031465
 1486.000000 0.113893
 1487.000000 0.051805
 1488.000000 -0.118411
 1489.000000 -0.080480
 1490.000000 -0.038797
 1491.000000 -0.078457
 1492.000000 -0.135166
 1493.000000 -0.045714
 1494.000000 0.031203
 1495.000000 -0.013278
 1496.000000 -0.041829
 1497.000000 -0.154071
 1498.000000 0.152143
 1499.000000 0.176150
 1500.000000 0.008818
 1501.000000 -0.069596
 1502.000000 0.122559
 1503.000000 0.197492
 1504.000000 -0.015649
 1505.000000 0.173738
 1506.000000 -0.092555
 1507.000000 -0.054752
 1508.000000 -0.004372
 1509.000000 0.071341
 1510.000000 0.090221
 1511.000000 0.004981
 1512.000000 -0.064143
 1513.000000 0.095482
 1514.000000 -0.023177
 1515.000000 0.026062
 1516.000000 -0.028947
 1517.000000 0.048945
 1518.000000 -0.021763
 1519.000000 -0.033122
 1520.000000 -0.092112
 1521.000000 0.065989
 1522.000000 -0.063138
 1523.000000 -0.110589
 1524.000000 0.016522
 1525.000000 0.020691
 1526.000000 0.030343
 1527.000000 -0.020672
 1528.000000 -0.098873
 1529.000000 -0.173356
 1530.000000 -0.061296
 1531.000000 -0.099868
 1532.000000 -0.089842
 1533.000000 0.006402
 1534.000000 -0.002798
 1535.000000 -0.115052
 1536.000000 0.202584
 1537.000000 -0.058727
 1538.000000 -0.051477
 1539.000000 -0.092656
 1540.000000 -0.094464
 1541.000000 0.016457
 1542.000000 -0.000484
 1543.000000 0.111690
 1544.000000 -0.022592
 1545.000000 -0.050762
 1546.000000 -0.034948
 1547.000000 0.151250
 1548.000000 -0.017504
 1549.000000 0.000012
 1550.000000 -0.033726
 1551.000000 0.167630
 1552.000000 -0.069086
 1553.000000 0.043635
 1554.000000 -0.010348
 1555.000000 -0.159691
 1556.000000 0.125005
 1557.000000 -0.158222
 1558.000000 -0.088109
 1559.000000 -0.301489
 1560.000000 -0.026552
 1561.000000 -0.325805
 1562.000000 0.153096
 1563.000000 -0.104565
 1564.000000 0.110466
 1565.000000 -0.101151
 1566.000000 0.023973
 1567.000000 -0.047524
 1568.000000 0.216405
 1569.000000 -0.180633
 1570.000000 -0.010346
 1571.000000 -0.088556
 1572.000000 -0.080863
 1573.000000 -0.266289
 1574.000000 0.036909
 1575.000000 0.104393
 1576.000000 0.064284
 1577.000000 0.095046
 1578.000000 0.024565
 1579.000000 -0.045771
 1580.000000 -0.027211
 1581.000000 -0.008181
 1582.000000 0.059999
 1583.000000 0.037560
 1584.000000 0.061992
 1585.000000 0.097993
 1586.000000 -0.027907
 1587.000000 0.032379
 1588.000000 0.060844
 1589.000000 0.112130
 1590.000000 -0.119253
 1591.000000 -0.044462
 1592.000000 0.034948
 1593.000000 -0.050759
 1594.000000 0.017792
 1595.000000 -0.004482
 1596.000000 -0.090632
 1597.000000 0.006560
 1598.000000 -0.004311
 1599.000000 -0.056538
 1600.000000 -0.088288
 1601.000000 0.026871
 1602.000000 -0.045447
 1603.000000 0.274663
 1604.000000 0.006122
 1605.000000 0.043431
 1606.000000 0.001558
 1607.000000 -0.111967
 1608.000000 0.199810
 1609.000000 -0.113157
 1610.000000 -0.117412
 1611.000000 0.022473
 1612.000000 -0.135435
 1613.000000 0.059416
 1614.000000 0.066650
 1615.000000 0.193813
 1616.000000 -0.009555
 1617.000000 -0.167117
 1618.000000 -0.000602
 1619.000000 0.026283
 1620.000000 0.051644
 1621.000000 0.003427
 1622.000000 -0.102955
 1623.000000 -0.118472
 1624.000000 0.020014
 1625.000000 0.190815
 1626.000000 -0.006882
 1627.000000 -0.079657
 1628.000000 -0.079286
 1629.000000 -0.040454
 1630.000000 0.099615
 1631.000000 -0.062127
 1632.000000 -0.047269
 1633.000000 -0.061797
 1634.000000 0.148057
 1635.000000 0.131250
 1636.000000 0.086592
 1637.000000 0.151245
 1638.000000 -0.086767
 1639.000000 0.052952
 1640.000000 -0.061942
 1641.000000 -0.054042
 1642.000000 0.139358
 1643.000000 0.091028
 1644.000000 0.025116
 1645.000000 -0.251748
 1646.000000 -0.020603
 1647.000000 -0.086513
 1648.000000 -0.137941
 1649.000000 -0.077518
 1650.000000 0.034760
 1651.000000 0.000465
 1652.000000 -0.268888
 1653.000000 0.029991
 1654.000000 0.220497
 1655.000000 -0.107451
 1656.000000 0.181362
 1657.000000 -0.011032
 1658.000000 -0.099947
 1659.000000 -0.103467
 1660.000000 0.112840
 1661.000000 0.092235
 1662.000000 0.098575
 1663.000000 -0.082192
 1664.000000 -0.072256
 1665.000000 -0.020739
 1666.000000 -0.077066
 1667.000000 -0.043973
 1668.000000 0.176478
 1669.000000 0.118159
 1670.000000 0.152421
 1671.000000 -0.014583
 1672.000000 -0.070468
 1673.000000 -0.072790
 1674.000000 0.161697
 1675.000000 -0.057758
 1676.000000 -0.029261
 1677.000000 0.013483
 1678.000000 0.014580
 1679.000000 0.025244
 1680.000000 0.176571
 1681.000000 0.113938
 1682.000000 0.059996
 1683.000000 0.215981
 1684.000000 -0.044312
 1685.000000 0.058506
 1686.000000 0.053985
 1687.000000 0.202917
 1688.000000 -0.133901
 1689.000000 0.189218
 1690.000000 -0.088725
 1691.000000 0.001028
 1692.000000 -0.104744
 1693.000000 0.149163
 1694.000000 -0.010823
 1695.000000 0.122064
 1696.000000 -0.037583
 1697.000000 0.031489
 1698.000000 0.003148
 1699.000000 0.003323
 1700.000000 -0.140643
 1701.000000 0.120707
 1702.000000 0.041715
 1703.000000 0.087177
 1704.000000 -0.103116
 1705.000000 -0.063944
 1706.000000 0.010738
 1707.000000 0.000796
 1708.000000 -0.084154
 1709.000000 0.001280
 1710.000000 -0.050654
 1711.000000 -0.023526
 1712.000000 0.135849
 1713.000000 0.109430
 1714.000000 -0.019385
 1715.000000 0.064710
 1716.000000 0.000591
 1717.000000 0.009035
 1718.000000 -0.075712
 1719.000000 0.067098
 1720.000000 0.083609
 1721.000000 -0.127514
 1722.000000 -0.065634
 1723.000000 -0.172988
 1724.000000 0.014339
 1725.000000 0.060698
 1726.000000 -0.179127
 1727.000000 0.051006
 1728.000000 0.075957
 1729.000000 0.050349
 1730.000000 0.011170
 1731.000000 -0.080203
 1732.000000 0.028226
 1733.000000 -0.151071
 1734.000000 0.233194
 1735.000000 -0.212870
 1736.000000 0.059745
 1737.000000 0.128683
 1738.000000 -0.059040
 1739.000000 -0.137179
 1740.000000 0.120497
 1741.000000 -0.097360
 1742.000000 -0.017023
 1743.000000 -0.032968
 1744.000000 0.131970
 1745.000000 0.236031
 1746.000000 -0.063263
 1747.000000 0.230778
 1748.000000 -0.082178
 1749.000000 0.207856
 1750.000000 -0.087639
 1751.000000 -0.259679
 1752.000000 0.158972
 1753.000000 -0.026896
 1754.000000 0.142538
 1755.000000 -0.158903
 1756.000000 -0.227052
 1757.000000 -0.124563
 1758.000000 0.238902
 1759.000000 0.054532
 1760.000000 -0.040051
 1761.000000 -0.197366
 1762.000000 0.146429
 1763.000000 -0.017894
 1764.000000 0.133827
 1765.000000 -0.020447
 1766.000000 -0.053468
 1767.000000 -0.038834
 1768.000000 -0.119714
 1769.000000 -0.033133
 1770.000000 -0.013369
 1771.000000 -0.115353
 1772.000000 -0.037014
 1773.000000 -0.035071
 1774.000000 -0.117522
 1775.000000 0.116657
 1776.000000 -0.019690
 1777.000000 0.088645
 1778.000000 0.024128
 1779.000000 0.016562
 1780.000000 0.009122
 1781.000000 -0.081793
 1782.000000 0.041611
 1783.000000 0.052173
 1784.000000 0.121544
 1785.000000 -0.019691
 1786.000000 -0.098620
 1787.000000 0.100257
 1788.000000 0.204032
 1789.000000 -0.084208
 1790.000000 0.136300
 1791.000000 -0.208337
 1792.000000 -0.081797
 1793.000000 0.008538
 1794.000000 -0.177687
 1795.000000 0.111707
 1796.000000 0.151191
 1797.000000 -0.018128
 1798.000000 -0.014339
 1799.000000 -0.090439
 1800.000000 0.038754
 1801.000000 -0.069066
 1802.000000 -0.124185
 1803.000000 -0.015690
 1804.000000 -0.025857
 1805.000000 0.064463
 1806.000000 -0.047710
 1807.000000 0.023830
 1808.000000 -0.049193
 1809.000000 -0.082572
 1810.000000 0.222489
 1811.000000 -0.179326
 1812.000000 -0.056351
 1813.000000 0.033605
 1814.000000 -0.027902
 1815.000000 -0.190342
 1816.000000 -0.127401
 1817.000000 0.073214
 1818.000000 0.000945
 1819.000000 0.164225
 1820.000000 -0.095700
 1821.000000 0.074536
 1822.000000 0.071923
 1823.000000 0.003595
 1824.000000 0.025473
 1825.000000 -0.123105
 1826.000000 0.283630
 1827.000000 0.164775
 1828.000000 0.018787
 1829.000000 0.020692
 1830.000000 0.050444
 1831.000000 -0.008652
 1832.000000 -0.151455
 1833.000000 0.045450
 1834.000000 -0.153183
 1835.000000 0.074627
 1836.000000 -0.032853
 1837.000000 0.191881
 1838.000000 0.009238
 1839.000000 -0.022570
 1840.000000 0.009119
 1841.000000 -0.127352
 1842.000000 -0.055768
 1843.000000 0.031210
 1844.000000 -0.042812
 1845.000000 0.000516
 1846.000000 0.149223
 1847.000000 0.047870
 1848.000000 -0.113587
 1849.000000 -0.047643
 1850.000000 0.086677
 1851.000000 -0.029043
 1852.000000 -0.052934
 1853.000000 0.166605
 1854.000000 -0.047438
 1855.000000 0.002435
 1856.000000 0.032576
 1857.000000 0.042916
 1858.000000 -0.066743
 1859.000000 -0.207650
 1860.000000 0.028854
 1861.000000 -0.103772
 1862.000000 0.117296
 1863.000000 -0.002104
 1864.000000 -0.078881
 1865.000000 -0.042838
 1866.000000 0.073076
 1867.000000 0.060655
 1868.000000 -0.069721
 1869.000000 0.074060
 1870.000000 0.039324
 1871.000000 0.044611
 1872.000000 0.088944
 1873.000000 0.062414
 1874.000000 0.120197
 1875.000000 -0.035614
 1876.000000 0.023927
 1877.000000 -0.005486
 1878.000000 0.008859
 1879.000000 -0.021716
 1880.000000 0.108407
 1881.000000 -0.019174
 1882.000000 -0.022639
 1883.000000 0.004523
 1884.000000 0.042095
 1885.000000 -0.052514
 1886.000000 0.124070
 1887.000000 0.023919
 1888.000000 -0.007536
 1889.000000 -0.040947
 1890.000000 0.104614
 1891.000000 0.005668
 1892.000000 0.046825
 1893.000000 -0.031207
 1894.000000 -0.016174
 1895.000000 -0.113446
 1896.000000 -0.109446
 1897.000000 0.041848
 1898.000000 -0.061785
 1899.000000 0.080302
 1900.000000 -0.012162
 1901.000000 -0.021017
 1902.000000 0.003310
 1903.000000 0.102782
 1904.000000 -0.051048
 1905.000000 0.001363
 1906.000000 0.013042
 1907.000000 -0.021957
 1908.000000 -0.000599
 1909.000000 -0.039455
 1910.000000 0.003045
 1911.000000 -0.145051
 1912.000000 0.098819
 1913.000000 -0.005546
 1914.000000 0.131698
 1915.000000 -0.040820
 1916.000000 0.069748
 1917.000000 -0.075166
 1918.000000 0.008414
 1919.000000 0.133117
 1920.000000 0.089341
 1921.000000 0.124635
 1922.000000 -0.174204
 1923.000000 -0.101994
 1924.000000 0.228380
 1925.000000 -0.209112
 1926.000000 -0.097277
 1927.000000 0.126967
 1928.000000 -0.092018
 1929.000000 0.042940
 1930.000000 0.060498
 1931.000000 -0.004936
 1932.000000 -0.024120
 1933.000000 0.093962
 1934.000000 0.104128
 1935.000000 0.117810
 1936.000000 0.079420
 1937.000000 0.035895
 1938.000000 -0.036802
 1939.000000 -0.058202
 1940.000000 -0.039673
 1941.000000 -0.049273
 1942.000000 -0.060343
 1943.000000 0.163058
 1944.000000 0.016487
 1945.000000 0.063778
 1946.000000 -0.057190
 1947.000000 0.044725
 1948.000000 0.072725
 1949.000000 -0.101362
 1950.000000 -0.072281
 1951.000000 0.091979
 1952.000000 -0.133640
 1953.000000 0.060642
 1954.000000 0.014208
 1955.000000 0.022997
 1956.000000 -0.244954
 1957.000000 -0.054856
 1958.000000 0.081123
 1959.000000 -0.051310
 1960.000000 0.070050
 1961.000000 -0.089300
 1962.000000 0.042876
 1963.000000 0.063671
 1964.000000 0.036269
 1965.000000 0.003693
 1966.000000 -0.214602
 1967.000000 0.009085
 1968.000000 0.012952
 1969.000000 -0.010674
 1970.000000 -0.015463
 1971.000000 -0.004784
 1972.000000 0.055063
 1973.000000 0.126589
 1974.000000 -0.026012
 1975.000000 0.087340
 1976.000000 -0.008053
 1977.000000 0.147745
 1978.000000 0.064210
 1979.000000 -0.002359
 1980.000000 0.043700
 1981.000000 -0.231693
 1982.000000 0.039808
 1983.000000 -0.056421
 1984.000000 -0.021359
 1985.000000 -0.020778
 1986.000000 -0.044529
 1987.000000 -0.135407
 1988.000000 0.048278
 1989.000000 -0.083683
 1990.000000 0.161219
 1991.000000 0.219574
 1992.000000 0.077654
 1993.000000 -0.053604
 1994.000000 -0.075790
 1995.000000 -0.109691
 1996.000000 0.207641
 1997.000000 -0.136870
 1998.000000 -0.122084
 1999.000000 0.057800
 2000.000000 -0.006979
 2001.000000 -0.131049
 2002.000000 0.158952
 2003.000000 -0.051531
 2004.000000 -0.032516
 2005.000000 0.008300
 2006.000000 0.088064
 2007.000000 -0.005919
 2008.000000 0.007717
 2009.000000 -0.004532
 2010.000000 0.082266
 2011.000000 -0.031927
 2012.000000 -0.050080
 2013.000000 0.005655
 2014.000000 0.005759
 2015.000000 -0.063185
 2016.000000 0.061455
 2017.000000 -0.057447
 2018.000000 -0.041234
 2019.000000 0.094391
 2020.000000 0.034408
 2021.000000 -0.020309
 2022.000000 -0.074009
 2023.000000 0.089453
 2024.000000 0.004639
 2025.000000 -0.175443
 2026.000000 0.050753
 2027.000000 -0.056103
 2028.000000 0.031032
 2029.000000 0.074694
 2030.000000 -0.153373
 2031.000000 -0.011772
 2032.000000 0.014462
 2033.000000 -0.100376
 2034.000000 -0.134128
 2035.000000 0.161028
 2036.000000 0.102312
 2037.000000 -0.133183
 2038.000000 0.165102
 2039.000000 -0.082542
 2040.000000 -0.003227
 2041.000000 -0.094439
 2042.000000 -0.063747
 2043.000000 -0.031018
 2044.000000 0.305106
 2045.000000 -0.204732
 2046.000000 0.020296
 2047.000000 0.109826
 2048.000000 -0.092609
 2049.000000 -0.158638
 2050.000000 0.016540
 2051.000000 -0.098878
 2052.000000 0.038578
 2053.000000 0.012696
 2054.000000 0.125491
 2055.000000 -0.144768
 2056.000000 0.045333
 2057.000000 -0.063494
 2058.000000 0.073004
 2059.000000 -0.069113
 2060.000000 0.029013
 2061.000000 0.021797
 2062.000000 0.029403
 2063.000000 -0.094716
 2064.000000 0.039278
 2065.000000 0.027433
 2066.000000 -0.048046
 2067.000000 -0.048579
 2068.000000 -0.125770
 2069.000000 -0.094780
 2070.000000 0.141068
 2071.000000 0.050199
 2072.000000 -0.082568
 2073.000000 -0.086969
 2074.000000 0.047101
 2075.000000 0.065239
 2076.000000 -0.048122
 2077.000000 -0.061358
 2078.000000 -0.083040
 2079.000000 -0.023528
 2080.000000 -0.044135
 2081.000000 0.067781
 2082.000000 0.053444
 2083.000000 0.002222
 2084.000000 0.033496
 2085.000000 -0.016904
 2086.000000 -0.084525
 2087.000000 0.006906
 2088.000000 -0.031564
 2089.000000 -0.014076
 2090.000000 -0.115951
 2091.000000 -0.028202
 2092.000000 0.209713
 2093.000000 -0.151857
 2094.000000 0.073576
 2095.000000 -0.084744
 2096.000000 -0.059776
 2097.000000 0.064956
 2098.000000 -0.055952
 2099.000000 -0.057695
 2100.000000 0.043501
 2101.000000 -0.218192
 2102.000000 0.162624
 2103.000000 0.088691
 2104.000000 -0.129084
 2105.000000 -0.077812
 2106.000000 -0.055290
 2107.000000 0.182106
 2108.000000 0.016514
 2109.000000 -0.058312
 2110.000000 0.166718
 2111.000000 -0.096822
 2112.000000 0.144842
 2113.000000 -0.037629
 2114.000000 0.090248
 2115.000000 -0.078105
 2116.000000 -0.113022
 2117.000000 0.080901
 2118.000000 0.087235
 2119.000000 -0.041901
 2120.000000 -0.126242
 2121.000000 -0.044592
 2122.000000 -0.136127
 2123.000000 0.172612
 2124.000000 0.018880
 2125.000000 -0.117349
 2126.000000 0.000803
 2127.000000 -0.160130
 2128.000000 -0.082136
 2129.000000 -0.092369
 2130.000000 0.179988
 2131.000000 0.143012
 2132.000000 0.102007
 2133.000000 -0.033165
 2134.000000 -0.109843
 2135.000000 0.007531
 2136.000000 0.036524
 2137.000000 0.087444
 2138.000000 0.014407
 2139.000000 -0.028294
 2140.000000 -0.082409
 2141.000000 0.236553
 2142.000000 0.009861
 2143.000000 -0.024781
 2144.000000 -0.219018
 2145.000000 0.132522
 2146.000000 -0.186110
 2147.000000 -0.088387
 2148.000000 0.103274
 2149.000000 -0.153863
 2150.000000 0.072097
 2151.000000 -0.148446
 2152.000000 -0.034524
 2153.000000 -0.108056
 2154.000000 0.134877
 2155.000000 0.056076
 2156.000000 0.051487
 2157.000000 -0.082890
 2158.000000 0.113084
 2159.000000 -0.114962
 2160.000000 -0.311714
 2161.000000 0.270526
 2162.000000 -0.063798
 2163.000000 -0.039750
 2164.000000 0.051637
 2165.000000 -0.059988
 2166.000000 0.092766
 2167.000000 0.026338
 2168.000000 -0.008319
 2169.000000 -0.090861
 2170.000000 -0.016542
 2171.000000 0.002465
 2172.000000 0.061325
 2173.000000 0.096627
 2174.000000 -0.156910
 2175.000000 0.238116
 2176.000000 -0.113170
 2177.000000 0.139709
 2178.000000 0.127870
 2179.000000 0.069264
 2180.000000 0.037775
 2181.000000 0.058595
 2182.000000 0.159832
 2183.000000 0.080292
 2184.000000 -0.106008
 2185.000000 -0.035044
 2186.000000 0.036664
 2187.000000 0.126897
 2188.000000 -0.039701
 2189.000000 -0.022884
 2190.000000 0.000150
 2191.000000 0.040030
 2192.000000 0.015473
 2193.000000 -0.033424
 2194.000000 0.044354
 2195.000000 0.054197
 2196.000000 -0.065390
 2197.000000 0.166098
 2198.000000 0.022014
 2199.000000 0.030163
 2200.000000 -0.124825
 2201.000000 0.068629
 2202.000000 0.006141
 2203.000000 -0.006692
 2204.000000 -0.174142
 2205.000000 0.269135
 2206.000000 0.073318
 2207.000000 0.055252
 2208.000000 0.073575
 2209.000000 0.110371
 2210.000000 -0.057505
 2211.000000 0.120012
 2212.000000 -0.010066
 2213.000000 -0.044184
 2214.000000 0.154064
 2215.000000 0.158674
 2216.000000 -0.054801
 2217.000000 -0.141414
 2218.000000 0.102034
 2219.000000 0.034255
 2220.000000 0.121343
 2221.000000 -0.012886
 2222.000000 0.005983
 2223.000000 0.027910
 2224.000000 -0.132753
 2225.000000 0.008499
 2226.000000 -0.080131
 2227.000000 0.022579
 2228.000000 -0.002719
 2229.000000 0.082593
 2230.000000 -0.147674
 2231.000000 0.120478
 2232.000000 -0.073682
 2233.000000 -0.027157
 2234.000000 0.010838
 2235.000000 0.090328
 2236.000000 0.028576
 2237.000000 -0.030177
 2238.000000 0.028720
 2239.000000 0.030984
 2240.000000 0.045408
 2241.000000 -0.002532
 2242.000000 -0.020167
 2243.000000 -0.072265
 2244.000000 0.050180
 2245.000000 -0.192337
 2246.000000 0.032691
 2247.000000 0.177909
 2248.000000 -0.163141
 2249.000000 0.044020
 2250.000000 -0.010377
 2251.000000 -0.142063
 2252.000000 -0.037996
 2253.000000 0.008402
 2254.000000 -0.038680
 2255.000000 -0.068416
 2256.000000 -0.089962
 2257.000000 0.073315
 2258.000000 -0.085382
 2259.000000 -0.025908
 2260.000000 0.104966
 2261.000000 0.164569
 2262.000000 0.022377
 2263.000000 0.029041
 2264.000000 -0.106084
 2265.000000 0.043778
 2266.000000 0.204551
 2267.000000 -0.033579
 2268.000000 0.034794
 2269.000000 -0.085299
 2270.000000 -0.056227
 2271.000000 0.089950
 2272.000000 -0.106565
 2273.000000 -0.032632
 2274.000000 0.006726
 2275.000000 0.084335
 2276.000000 -0.069140
 2277.000000 0.019105
 2278.000000 -0.111744
 2279.000000 0.161069
 2280.000000 -0.143653
 2281.000000 0.013904
 2282.000000 -0.024516
 2283.000000 -0.113942
 2284.000000 -0.063716
 2285.000000 0.002971
 2286.000000 -0.000945
 2287.000000 -0.050075
 2288.000000 -0.034919
 2289.000000 0.155338
 2290.000000 0.032674
 2291.000000 -0.030139
 2292.000000 0.068250
 2293.000000 -0.100017
 2294.000000 0.071659
 2295.000000 -0.190797
 2296.000000 -0.078610
 2297.000000 -0.064661
 2298.000000 0.059387
 2299.000000 0.031548
 2300.000000 -0.188605
 2301.000000 0.078436
 2302.000000 0.079282
 2303.000000 0.128861
 2304.000000 -0.002027
 2305.000000 0.148604
 2306.000000 -0.068095
 2307.000000 0.103753
 2308.000000 0.094760
 2309.000000 -0.117743
 2310.000000 -0.024641
 2311.000000 -0.013376
 2312.000000 -0.001536
 2313.000000 0.003678
 2314.000000 0.039382
 2315.000000 -0.032398
 2316.000000 -0.066539
 2317.000000 -0.002447
 2318.000000 0.066872
 2319.000000 0.028715
 2320.000000 -0.132039
 2321.000000 0.111555
 2322.000000 -0.123700
 2323.000000 0.101387
 2324.000000 0.072158
 2325.000000 -0.054311
 2326.000000 0.107345
 2327.000000 0.029474
 2328.000000 -0.030710
 2329.000000 -0.063533
 2330.000000 0.014051
 2331.000000 0.010030
 2332.000000 0.081226
 2333.000000 0.090098
 2334.000000 -0.115888
 2335.000000 0.000406
 2336.000000 0.072869
 2337.000000 0.115012
 2338.000000 0.005584
 2339.000000 -0.036538
 2340.000000 0.077272
 2341.000000 0.026663
 2342.000000 0.175879
 2343.000000 0.112739
 2344.000000 -0.040474
 2345.000000 0.077083
 2346.000000 0.108814
 2347.000000 -0.031351
 2348.000000 -0.091545
 2349.000000 0.057871
 2350.000000 0.114304
 2351.000000 0.038117
 2352.000000 0.047382
 2353.000000 0.108088
 2354.000000 -0.062097
 2355.000000 -0.032516
 2356.000000 0.014274
 2357.000000 0.038465
 2358.000000 -0.057180
 2359.000000 -0.004947
 2360.000000 -0.086262
 2361.000000 0.049070
 2362.000000 0.065779
 2363.000000 -0.015141
 2364.000000 0.001859
 2365.000000 0.054701
 2366.000000 -0.139040
 2367.000000 -0.098110
 2368.000000 -0.092452
 2369.000000 0.192446
 2370.000000 -0.175359
 2371.000000 -0.119541
 2372.000000 0.210928
 2373.000000 0.022581
 2374.000000 -0.215724
 2375.000000 0.117082
 2376.000000 0.010074
 2377.000000 0.010155
 2378.000000 0.024905
 2379.000000 0.071017
 2380.000000 0.030191
 2381.000000 0.052897
 2382.000000 -0.015785
 2383.000000 -0.194017
 2384.000000 0.092527
 2385.000000 -0.219915
 2386.000000 0.192707
 2387.000000 0.131798
 2388.000000 -0.254347
 2389.000000 0.143363
 2390.000000 0.035894
 2391.000000 0.014764
 2392.000000 -0.140900
 2393.000000 0.040439
 2394.000000 0.023656
 2395.000000 -0.050169
 2396.000000 0.183289
 2397.000000 -0.120619
 2398.000000 -0.198997
 2399.000000 0.158347
 2400.000000 0.033637
 2401.000000 0.145661
 2402.000000 0.053089
 2403.000000 0.006748
 2404.000000 0.020672
 2405.000000 0.087223
 2406.000000 -0.117002
 2407.000000 -0.099870
 2408.000000 0.015789
 2409.000000 -0.033197
 2410.000000 -0.007589
 2411.000000 -0.033316
 2412.000000 -0.129870
 2413.000000 -0.000814
 2414.000000 0.040885
 2415.000000 -0.073012
 2416.000000 0.181695
 2417.000000 0.103609
 2418.000000 -0.321983
 2419.000000 0.189758
 2420.000000 -0.017634
 2421.000000 0.118192
 2422.000000 -0.189393
 2423.000000 -0.143829
 2424.000000 0.068421
 2425.000000 0.052868
 2426.000000 -0.003243
 2427.000000 0.040572
 2428.000000 -0.053668
 2429.000000 -0.040660
 2430.000000 -0.065223
 2431.000000 -0.035308
 2432.000000 0.056560
 2433.000000 -0.114586
 2434.000000 0.074865
 2435.000000 0.017798
 2436.000000 0.102457
 2437.000000 0.040721
 2438.000000 -0.100839
 2439.000000 0.026255
 2440.000000 -0.108049
 2441.000000 -0.077640
 2442.000000 -0.037642
 2443.000000 -0.081144
 2444.000000 0.062548
 2445.000000 0.041759
 2446.000000 0.051092
 2447.000000 -0.019695
 2448.000000 -0.031745
 2449.000000 -0.208639
 2450.000000 -0.059780
 2451.000000 0.150772
 2452.000000 -0.039186
 2453.000000 -0.038176
 2454.000000 -0.029580
 2455.000000 0.019716
 2456.000000 0.090962
 2457.000000 0.014270
 2458.000000 0.034675
 2459.000000 0.082782
 2460.000000 -0.025723
 2461.000000 0.128176
 2462.000000 0.010159
 2463.000000 0.050146
 2464.000000 0.023341
 2465.000000 0.143853
 2466.000000 0.117000
 2467.000000 -0.021461
 2468.000000 0.103248
 2469.000000 0.140609
 2470.000000 -0.193117
 2471.000000 -0.118762
 2472.000000 0.158772
 2473.000000 -0.191635
 2474.000000 -0.004127
 2475.000000 0.037057
 2476.000000 -0.062534
 2477.000000 0.040351
 2478.000000 0.096609
 2479.000000 -0.016710
 2480.000000 0.035480
 2481.000000 0.019344
 2482.000000 0.081156
 2483.000000 0.086780
 2484.000000 0.002571
 2485.000000 -0.200484
 2486.000000 0.078681
 2487.000000 0.019570
 2488.000000 0.000656
 2489.000000 -0.141567
 2490.000000 -0.027651
 2491.000000 -0.070819
 2492.000000 0.185415
 2493.000000 0.206618
 2494.000000 -0.202474
 2495.000000 -0.060911
 2496.000000 -0.337339
 2497.000000 0.067693
 2498.000000 0.045660
 2499.000000 -0.136239
 2500.000000 0.302337
